830
420 152
268 523
567 29
80 590
595 321
24 85
119 280
764 492
100 428
275 69
729 350
20 37
212 290
2 3
420 698
6 5
379 191
670 747
33 629
29 24
147 450
680 256
427 276
16 41
100 113
489 653
55 181
40 341
260 12
785 580
282 579
131 707
20 12
184 519
135 548
511 366
451 515
350 400
455 233
422 321
524 293
252 296
13 138
694 710
281 172
412 443
349 320
299 437
37 129
612 578
581 213
364 244
741 471
59 135
753 370
586 154
243 617
181 809
821 716
16 827
261 351
46 65
266 199
80 603
175 222
679 798
376 720
780 406
233 2
209 327
183 82
398 214
814 7
592 545
553 222
4 45
15 161
611 309
38 758
114 824
539 403
36 216
104 746
53 90
256 790
215 795
80 416
112 169
690 686
500 340
245 74
116 22
79 570
29 95
177 300
652 546
797 306
329 223
412 304
297 266
155 676
157 370
301 718
673 810
53 151
1 59
560 281
4 101
342 80
48 2
287 360
247 471
267 575
66 131
277 445
577 99
531 103
589 665
149 27
189 158
211 667
713 560
656 97
10 267
387 480
282 547
435 801
443 619
119 55
6 7
456 620
166 613
584 701
590 773
2 14
369 24
475 288
2 44
165 112
232 219
182 559
760 150
344 112
727 56
537 241
115 67
623 206
38 36
170 120
349 635
321 108
626 373
493 30
161 200
687 69
761 714
11 73
127 735
470 107
50 155
382 755
32 206
257 208
786 712
674 640
3 389
52 146
164 442
26 150
247 87
245 418
510 115
728 642
90 220
562 155
444 212
198 207
433 229
602 366
481 828
289 164
226 311
190 706
610 332
530 255
554 553
118 141
10 19
384 784
22 664
390 149
383 544
17 4
757 81
187 699
730 384
774 746
498 351
14 517
781 540
816 499
686 61
465 206
748 539
485 436
594 424
357 183
20 673
278 275
670 388
71 49
377 22
194 182
49 142
355 457
21 739
283 204
608 534
36 605
235 46
453 585
371 723
745 587
145 52
179 251
487 589
6 817
6 80
74 114
87 335
67 37
280 477
497 368
633 363
779 249
558 368
195 295
67 429
131 312
762 547
121 67
385 362
337 126
13 354
164 120
819 679
96 89
93 487
202 259
193 473
29 522
192 320
108 95
279 60
655 652
167 187
666 258
811 758
37 404
33 105
68 226
489 123
453 525
353 362
162 161
345 750
41 646
719 600
149 642
62 23
406 209
212 529
493 682
538 540
63 89
34 102
325 326
152 254
429 431
587 422
345 276
308 110
80 285
767 698
210 474
630 523
26 538
768 208
470 622
191 491
16 22
24 33
350 432
157 85
293 313
519 614
212 466
234 154
34 9
550 681
514 328
426 703
209 815
39 496
282 358
308 316
89 333
673 802
520 663
160 65
766 649
28 13
32 35
565 789
21 19
734 645
243 447
208 41
441 65
210 294
258 361
94 456
295 782
509 203
693 619
582 823
269 227
529 551
215 731
20 93
203 189
149 195
501 408
708 142
288 164
127 476
49 55
243 55
255 716
51 446
50 88
386 341
361 709
512 385
524 783
413 618
104 276
454 683
649 453
95 248
249 403
566 303
227 439
237 71
689 200
349 424
29 576
288 794
3 11
59 408
756 102
4 185
423 45
94 29
196 16
598 111
531 830
99 213
208 712
36 29
192 63
516 103
365 362
166 217
105 152
15 494
25 66
31 74
162 236
359 183
69 32
387 246
394 171
114 221
323 108
99 46
120 59
214 4
157 490
343 333
364 738
597 35
588 40
246 33
225 347
675 69
356 97
31 1
112 353
591 375
572 195
252 103
8 153
188 440
303 382
209 198
144 372
16 212
818 26
392 526
193 18
284 182
9 110
559 657
405 63
8 10
15 56
513 444
527 75
403 486
552 662
315 17
527 770
23 13
112 63
218 384
90 250
426 11
192 791
126 18
721 682
63 57
411 394
599 446
535 541
309 234
733 590
144 158
97 79
23 124
314 56
317 417
108 241
577 627
552 357
31 32
141 502
244 81
732 340
3 26
73 796
399 204
496 726
744 411
116 117
281 672
8 521
89 111
186 135
564 304
141 616
59 171
64 86
637 126
414 198
631 11
381 254
116 274
393 245
119 262
736 264
93 571
137 10
220 332
134 96
20 54
778 407
169 211
184 107
221 363
49 78
260 659
324 258
204 306
18 4
331 9
536 114
717 822
236 573
528 71
7 52
20 68
181 375
384 396
205 84
223 117
224 808
5 374
338 86
87 67
133 139
115 694
229 110
455 775
471 669
322 305
214 421
456 578
451 370
179 110
341 787
481 459
272 749
144 20
158 174
182 743
201 160
168 164
316 813
458 84
391 240
104 11
11 30
123 37
135 826
604 572
243 255
27 50
555 465
9 70
268 271
210 53
230 392
333 383
469 227
219 95
188 307
368 678
132 64
696 534
218 483
92 29
643 199
61 11
125 419
574 338
454 382
75 58
607 538
287 45
118 11
306 492
235 305
239 98
155 191
453 331
225 318
737 528
704 41
103 79
38 77
702 562
695 74
328 258
77 634
722 291
396 751
64 3
52 100
230 28
293 138
310 94
38 503
407 176
182 57
720 812
133 238
366 230
636 559
593 55
225 638
584 407
464 752
714 156
41 46
173 104
178 609
48 84
352 217
175 204
50 128
68 156
273 685
660 483
16 83
148 13
178 88
177 188
21 27
267 650
42 51
371 79
330 200
479 691
390 478
177 6
225 193
63 376
742 482
438 624
91 2
84 263
395 291
518 159
677 99
218 462
218 725
1 2
388 269
163 199
154 77
292 76
3 5
270 792
192 561
43 17
89 467
122 73
72 64
740 645
8 1
265 95
640 623
16 763
346 248
20 47
287 532
776 710
480 600
350 21
507 129
141 299
296 378
460 314
644 507
167 161
462 628
242 156
143 116
403 724
141 645
28 58
51 461
253 209
76 72
180 688
340 154
131 355
202 11
795 806
100 298
76 218
109 28
582 542
697 113
705 563
176 136
211 256
759 190
52 127
435 89
46 231
211 302
7 15
40 26
290 632
546 506
107 397
204 452
654 278
84 98
258 199
464 50
110 175
280 606
141 172
107 569
602 679
535 80
741 800
385 583
7 9
692 272
82 23
29 459
23 24
159 97
505 435
271 488
223 301
277 4
49 615
264 103
18 282
542 5
700 658
25 14
348 346
399 799
50 334
273 23
138 484
272 104
441 534
268 189
820 122
715 120
12 13
166 88
549 77
79 829
286 233
336 325
31 425
269 568
125 136
671 348
279 380
446 448
767 772
212 430
304 171
291 44
621 147
197 402
8 506
793 184
401 251
10 133
639 227
63 339
228 74
60 4
3 4
228 596
204 563
33 106
825 694
633 771
711 3
38 42
504 557
22 180
651 101
301 508
317 225
261 99
130 50
562 601
26 125
413 378
550 510
425 495
769 19
147 108
438 336
409 213
556 131
107 105
81 9
765 387
290 482
777 63
15 140
543 77
436 211
112 472
16 13
325 5
319 449
39 18
249 62
391 641
366 415
319 207
240 90
326 580
581 807
57 16
60 373
8 12
716 788
190 64
565 348
463 445
658 140
442 545
684 681
787 803
625 357
805 207
407 410
224 25
52 303
754 449
189 270
195 533
282 648
79 70
52 198
206 215
536 804
296 434
380 499
647 465
40 163
